6
M
KJ
1  2  C-N  251.0419414  2.005501  1.499574
1  5  C-H  426.7713101  1.892486  1.090000
1  6  C-H  426.7713101  1.892486  1.090000
1  7  C-H  426.7713101  1.892486  1.090000
2  3  N-O  390.3702976  2.459942  1.226747
2  4  N-O  390.3702976  2.459942  1.226747

9
H
KJ
1  2  3  C-N-O  294.521116  117.039960
1  2  4  C-N-O  294.521116  117.039960
2  1  5  N-C-H  224.8140505  107.560708
2  1  6  N-C-H  224.8140505  107.560708
2  1  7  N-C-H  224.8140505  107.560708
3  2  4  O-N-O  657.8485115  125.890000
5  1  6  H-C-H  149.940293  111.321289
5  1  7  H-C-H  149.940293  111.321289
6  1  7  H-C-H  149.940293  111.321289

6
C
KJ
5  1  2  3  H-C-N-O3  1  0.27000  -90.0  3.0
5  1  2  4  H-C-N-O4  1  0.27000  90.0  3.0
6  1  2  3  H-C-N-O3  1  0.27000  -90.0  3.0
6  1  2  4  H-C-N-O4  1  0.27000  90.0  3.0
7  1  2  3  H-C-N-O3  1  0.27000  -90.0  3.0
7  1  2  4  H-C-N-O4  1  0.27000  90.0  3.0

1
C
KJ
1  2  3  4  C-N-O-O 120.18538  180.0  2.0
